30
1
5
0 130 0.0 0.1
5506
1 130 0.0 0.1
5530
2 130 0.0 0.1
5504
3 120 0.1 0.1
5432
4 190 0.1 0.0
5582
30
0 4 3 40 67.69
373
1 15 0 20 308.87
1702
2 14 22 48 118.87
655
3 8 18 47 587.44
3237
4 3 36 48 685.62
3778
5 11 28 46 475.47
2620
6 17 25 48 423.20
2332
7 2 17 48 664.56
3662
8 17 11 45 107.80
594
9 17 8 38 700.32
3859
10 13 13 31 311.23
1715
11 10 27 48 8.71
48
12 8 10 48 325.20
1792
13 10 16 48 483.45
2664
14 16 6 42 198.17
1092
15 3 0 25 87.11
480
16 3 2 13 323.75
1784
17 8 10 48 360.77
1988
18 15 9 47 5.81
32
19 10 5 41 210.33
1159
20 28 18 47 113.42
625
21 5 12 37 168.95
931
22 13 1 48 441.17
2431
23 23 14 46 316.68
1745
24 27 2 47 1.09
6
25 4 20 39 11.80
65
26 6 10 40 4.90
27
27 15 24 48 119.77
660
28 9 9 48 163.87
903
29 13 1 44 312.68
1723
