30
1
5
0 170 0.1 0.1
5725
1 170 0.1 0.1
5467
2 190 0.1 0.0
5538
3 150 0.1 0.1
5703
4 150 0.1 0.1
5486
30
0 5 0 13 530.31
2960
1 31 16 47 23.47
131
2 4 0 9 161.24
900
3 11 11 47 374.80
2092
4 20 4 40 156.40
873
5 4 0 24 95.13
531
6 1 0 46 22.04
123
7 22 3 48 298.48
1666
8 5 41 47 144.76
808
9 6 15 48 768.76
4291
10 15 13 48 437.50
2442
11 6 19 47 319.98
1786
12 26 10 48 149.24
833
13 19 19 45 243.30
1358
14 12 17 47 60.56
338
15 5 7 48 274.83
1534
16 16 0 48 247.42
1381
17 15 2 37 364.23
2033
18 37 1 47 44.79
250
19 29 1 33 574.56
3207
20 4 31 41 152.46
851
21 4 24 39 9.50
53
22 10 12 35 134.19
749
23 20 3 42 8.42
47
24 10 12 31 64.14
358
25 20 25 47 437.68
2443
26 4 25 47 423.71
2365
27 3 40 48 287.55
1605
28 5 1 30 66.11
369
29 1 0 6 382.86
2137
