30
1
5
0 170 0.1 0.1
5418
1 120 0.1 0.1
5463
2 120 0.1 0.1
5746
3 170 0.1 0.1
5351
4 150 0.1 0.1
5604
30
0 1 1 48 50.97
281
1 12 10 39 285.52
1574
2 1 0 6 343.93
1896
3 21 14 48 690.21
3805
4 10 25 47 60.22
332
5 7 1 28 395.99
2183
6 2 0 43 871.79
4806
7 26 0 36 391.27
2157
8 4 6 28 111.92
617
9 10 3 37 13.79
76
10 16 17 47 864.71
4767
11 24 11 44 80.36
443
12 7 7 27 585.91
3230
13 20 3 44 10.16
56
14 29 5 40 181.58
1001
15 18 0 43 94.14
519
16 20 17 48 52.60
290
17 2 43 47 255.41
1408
18 3 9 48 9.07
50
19 5 34 48 514.98
2839
20 13 4 42 307.83
1697
21 17 9 44 94.51
521
22 17 12 46 104.30
575
23 10 25 45 150.01
827
24 2 17 47 454.03
2503
25 2 0 34 46.62
257
26 30 15 48 73.47
405
27 13 3 48 250.33
1380
28 7 35 47 105.94
584
29 8 11 45 296.94
1637
