30
1
5
0 150 0.1 0.1
5640
1 190 0.1 0.0
5432
2 170 0.1 0.1
5537
3 120 0.1 0.1
5427
4 130 0.0 0.1
5521
30
0 5 0 35 149.54
824
1 4 8 31 384.92
2121
2 15 2 48 167.32
922
3 22 2 41 153.35
845
4 9 1 40 63.70
351
5 1 0 3 334.28
1842
6 2 29 48 60.43
333
7 3 43 48 780.54
4301
8 13 5 46 192.00
1058
9 1 0 44 323.39
1782
10 35 5 46 54.63
301
11 10 19 47 39.38
217
12 2 0 41 110.16
607
13 12 2 29 153.53
846
14 8 30 48 210.15
1158
15 8 10 47 57.35
316
16 2 0 23 418.67
2307
17 15 16 45 586.90
3234
18 46 1 47 547.52
3017
19 6 5 47 60.80
335
20 13 14 47 545.52
3006
21 5 42 47 277.30
1528
22 6 9 44 358.78
1977
23 17 0 33 606.32
3341
24 38 3 46 26.13
144
25 12 7 44 57.53
317
26 20 22 48 721.74
3977
27 2 0 34 11.98
66
28 19 4 47 25.41
140
29 6 26 48 145.00
799
