30
1
5
0 130 0.0 0.1
5469
1 190 0.1 0.0
5555
2 190 0.1 0.0
5529
3 120 0.1 0.1
5470
4 170 0.1 0.1
5544
30
0 39 4 48 40.27
222
1 15 20 48 23.40
129
2 14 3 25 221.11
1219
3 7 9 48 217.84
1201
4 38 0 47 564.29
3111
5 14 1 17 516.95
2850
6 13 12 36 146.92
810
7 8 4 36 239.06
1318
8 5 0 34 143.66
792
9 9 2 41 332.66
1834
10 3 24 48 339.55
1872
11 20 15 45 421.54
2324
12 25 6 35 14.69
81
13 5 1 21 241.60
1332
14 14 13 48 248.50
1370
15 34 3 38 64.03
353
16 9 1 48 214.03
1180
17 13 33 47 352.61
1944
18 24 18 47 633.76
3494
19 1 35 48 31.02
171
20 6 17 47 574.63
3168
21 5 2 25 561.20
3094
22 7 34 47 84.71
467
23 21 0 40 170.86
942
24 1 19 48 543.25
2995
25 16 28 47 238.52
1315
26 24 13 47 128.24
707
27 23 2 44 328.12
1809
28 4 6 41 385.44
2125
29 3 2 37 337.56
1861
