30
1
5
0 170 0.1 0.1
5339
1 170 0.1 0.1
5540
2 130 0.0 0.1
5414
3 130 0.0 0.1
5607
4 120 0.1 0.1
5469
30
0 5 0 24 413.00
2260
1 27 11 47 141.44
774
2 3 2 16 25.77
141
3 3 0 9 625.71
3424
4 27 2 43 138.52
758
5 9 7 48 78.21
428
6 1 4 44 100.69
551
7 11 2 36 478.78
2620
8 15 30 47 184.57
1010
9 13 3 46 652.02
3568
10 20 4 28 134.13
734
11 14 0 45 188.22
1030
12 5 0 46 120.43
659
13 11 13 47 124.08
679
14 32 6 48 96.49
528
15 12 1 44 62.86
344
16 37 9 46 601.04
3289
17 1 44 47 559.01
3059
18 5 40 48 701.55
3839
19 21 23 47 179.27
981
20 17 23 46 13.16
72
21 1 1 32 143.45
785
22 23 22 47 509.30
2787
23 4 0 19 191.15
1046
24 10 14 37 383.21
2097
25 9 7 37 83.88
459
26 24 7 47 599.39
3280
27 12 29 48 114.03
624
28 33 13 48 166.84
913
29 17 1 38 69.62
381
