30
1
5
0 120 0.1 0.1
5465
1 130 0.0 0.1
5488
2 120 0.1 0.1
5543
3 170 0.1 0.1
5464
4 170 0.1 0.1
5435
30
0 4 0 46 13.69
75
1 3 1 29 708.92
3884
2 4 35 47 228.70
1253
3 31 16 47 133.61
732
4 9 2 23 87.61
480
5 17 21 48 291.12
1595
6 10 0 16 560.53
3071
7 29 8 47 194.75
1067
8 23 24 47 96.19
527
9 4 28 42 183.44
1005
10 2 1 40 530.78
2908
11 2 32 44 99.48
545
12 6 4 44 4.75
26
13 14 12 47 152.95
838
14 16 0 47 264.84
1451
15 12 0 47 358.66
1965
16 15 18 46 288.39
1580
17 8 8 35 453.57
2485
18 15 2 38 2.19
12
19 14 31 48 591.01
3238
20 31 2 42 514.17
2817
21 3 26 47 476.38
2610
22 4 38 48 492.99
2701
23 16 8 29 169.93
931
24 30 0 47 5.11
28
25 23 5 32 296.60
1625
26 4 2 12 307.19
1683
27 26 0 42 88.16
483
28 25 3 47 10.04
55
29 5 0 47 2.37
13
