30
1
5
0 190 0.1 0.0
5459
1 170 0.1 0.1
5601
2 130 0.0 0.1
5539
3 120 0.1 0.1
5610
4 130 0.0 0.1
5481
30
0 9 28 48 639.66
3542
1 21 13 42 55.98
310
2 3 19 27 294.37
1630
3 30 2 45 221.59
1227
4 2 14 33 171.02
947
5 14 9 26 387.01
2143
6 12 19 36 98.24
544
7 28 6 47 135.26
749
8 9 30 48 414.46
2295
9 2 11 45 227.55
1260
10 2 7 46 440.10
2437
11 32 0 39 431.80
2391
12 3 13 33 329.04
1822
13 29 5 45 426.56
2362
14 13 1 34 267.46
1481
15 24 3 27 43.70
242
16 6 37 47 90.30
500
17 8 1 42 194.14
1075
18 14 13 46 219.42
1215
19 8 21 47 41.90
232
20 1 14 47 150.43
833
21 23 6 33 343.31
1901
22 11 6 48 284.98
1578
23 16 22 43 479.11
2653
24 30 9 48 94.63
524
25 4 14 48 253.19
1402
26 2 3 41 345.83
1915
27 23 1 47 148.27
821
28 8 9 29 169.03
936
29 14 20 48 739.17
4093
