30
1
5
0 190 0.1 0.0
5457
1 150 0.1 0.1
5466
2 150 0.1 0.1
5526
3 190 0.1 0.0
5518
4 150 0.1 0.1
5581
30
0 6 1 45 226.71
1249
1 22 24 48 66.25
365
2 19 1 48 202.57
1116
3 8 4 33 202.02
1113
4 15 11 35 218.54
1204
5 10 19 47 18.15
100
6 11 28 47 426.01
2347
7 6 7 41 16.88
93
8 34 1 48 104.19
574
9 3 28 39 20.51
113
10 26 7 47 181.33
999
11 3 0 12 88.58
488
12 7 23 48 166.63
918
13 5 2 24 96.02
529
14 39 4 46 130.69
720
15 4 0 45 526.39
2900
16 2 9 40 302.40
1666
17 11 9 47 535.46
2950
18 15 4 31 42.84
236
19 5 15 48 21.78
120
20 16 14 44 443.26
2442
21 11 0 32 34.12
188
22 3 2 44 293.14
1615
23 4 5 47 467.03
2573
24 3 5 48 161.73
891
25 24 22 47 487.91
2688
26 34 7 47 37.39
206
27 8 3 30 552.35
3043
28 3 0 20 200.21
1103
29 28 0 46 141.76
781
