30
1
5
0 190 0.1 0.0
5574
1 190 0.1 0.0
5505
2 150 0.1 0.1
5562
3 150 0.1 0.1
5465
4 190 0.1 0.0
5465
30
0 1 38 48 179.19
988
1 25 15 47 485.15
2675
2 4 0 32 348.58
1922
3 34 0 35 305.05
1682
4 25 17 48 35.37
195
5 2 0 23 244.84
1350
6 20 12 47 377.96
2084
7 15 8 48 387.03
2134
8 6 1 28 83.97
463
9 18 6 28 101.93
562
10 9 1 36 235.77
1300
11 9 23 48 47.52
262
12 8 3 15 30.11
166
13 7 2 15 264.06
1456
14 5 30 48 221.99
1224
15 7 1 35 412.42
2274
16 16 2 27 141.83
782
17 6 0 47 20.86
115
18 6 6 23 43.35
239
19 16 3 28 545.72
3009
20 15 25 48 54.77
302
21 9 13 36 262.07
1445
22 13 2 18 60.39
333
23 17 28 47 138.20
762
24 11 7 48 351.30
1937
25 6 2 31 163.05
899
26 2 0 10 208.57
1150
27 17 1 41 247.02
1362
28 13 1 26 528.49
2914
29 20 25 47 525.23
2896
