30
1
5
0 130 0.0 0.1
5553
1 170 0.1 0.1
5483
2 170 0.1 0.1
5604
3 150 0.1 0.1
5545
4 150 0.1 0.1
5614
30
0 12 7 40 404.00
2246
1 15 29 47 350.22
1947
2 26 2 46 119.80
666
3 31 1 34 306.15
1702
4 17 12 47 290.86
1617
5 13 0 41 634.96
3530
6 15 21 42 205.42
1142
7 7 24 47 325.93
1812
8 16 21 48 101.81
566
9 7 16 48 57.92
322
10 13 15 47 67.27
374
11 2 18 48 27.16
151
12 1 0 33 452.93
2518
13 9 13 48 214.59
1193
14 9 6 29 357.59
1988
15 13 2 48 131.31
730
16 3 7 34 109.00
606
17 14 5 27 117.46
653
18 3 0 48 60.62
337
19 3 28 39 432.96
2407
20 4 20 47 600.60
3339
21 16 29 48 178.62
993
22 17 6 28 495.56
2755
23 12 30 48 576.50
3205
24 22 6 31 310.11
1724
25 15 2 28 28.96
161
26 19 8 48 431.34
2398
27 21 18 48 38.85
216
28 1 0 31 45.87
255
29 17 0 33 196.60
1093
