30
1
5
0 120 0.1 0.1
5457
1 150 0.1 0.1
5609
2 170 0.1 0.1
5419
3 120 0.1 0.1
5572
4 170 0.1 0.1
5571
30
0 6 1 47 396.77
2192
1 14 25 47 448.72
2479
2 4 0 32 154.40
853
3 24 15 45 224.09
1238
4 3 2 20 648.55
3583
5 18 0 18 84.35
466
6 8 39 48 70.23
388
7 3 43 47 288.53
1594
8 5 14 47 288.53
1594
9 5 12 48 186.26
1029
10 3 0 8 810.19
4476
11 1 44 47 210.15
1161
12 27 10 47 139.56
771
13 8 33 48 285.27
1576
14 17 20 43 373.42
2063
15 7 0 30 12.67
70
16 29 6 42 444.56
2456
17 14 4 40 639.50
3533
18 38 4 47 192.23
1062
19 3 1 41 15.02
83
20 3 11 48 334.87
1850
21 11 6 46 23.89
132
22 27 11 48 204.72
1131
23 27 14 47 15.02
83
24 19 6 42 425.19
2349
25 19 8 36 261.19
1443
26 4 37 48 33.67
186
27 2 1 23 109.87
607
28 18 11 43 302.10
1669
29 23 24 48 12.49
69
