30
1
5
0 120 0.1 0.1
5376
1 150 0.1 0.1
5491
2 170 0.1 0.1
5374
3 150 0.1 0.1
5571
4 130 0.0 0.1
5492
30
0 25 14 46 413.39
2257
1 15 17 43 478.59
2613
2 4 5 44 25.83
141
3 29 18 47 66.30
362
4 16 1 39 54.58
298
5 23 5 47 466.14
2545
6 5 1 22 232.79
1271
7 11 0 45 346.54
1892
8 18 6 44 65.57
358
9 10 3 47 329.69
1800
10 2 23 47 269.43
1471
11 17 15 48 922.57
5037
12 22 8 48 19.78
108
13 9 9 47 32.97
180
14 3 0 13 84.62
462
15 14 4 32 237.37
1296
16 9 32 47 28.39
155
17 3 1 12 265.58
1450
18 5 0 8 438.48
2394
19 18 11 47 75.64
413
20 3 28 47 328.95
1796
21 11 14 47 17.40
95
22 14 1 39 16.48
90
23 5 0 38 100.74
550
24 8 1 37 535.92
2926
25 3 0 44 525.12
2867
26 17 0 30 407.34
2224
27 8 6 47 479.33
2617
28 44 0 44 272.72
1489
29 17 0 17 30.77
168
