30
1
5
0 170 0.1 0.1
5416
1 190 0.1 0.0
5425
2 130 0.0 0.1
5647
3 120 0.1 0.1
5537
4 150 0.1 0.1
5610
30
0 34 1 39 121.26
670
1 8 5 27 88.50
489
2 6 19 47 748.90
4138
3 4 22 47 202.88
1121
4 9 6 43 2.71
15
5 10 3 45 119.81
662
6 11 32 47 138.09
763
7 12 4 32 77.46
428
8 13 24 48 153.65
849
9 6 6 13 1.81
10
10 10 16 43 456.80
2524
11 4 12 39 93.57
517
12 7 19 48 220.98
1221
13 9 7 33 613.89
3392
14 1 20 46 228.40
1262
15 10 25 48 92.30
510
16 22 0 32 76.01
420
17 13 11 40 709.81
3922
18 10 3 38 328.12
1813
19 16 5 48 352.92
1950
20 12 19 47 460.06
2542
21 20 0 42 250.48
1384
22 10 13 48 84.16
465
23 15 19 47 188.95
1044
24 4 33 48 420.78
2325
25 7 14 43 181.71
1004
26 7 21 47 113.11
625
27 19 5 43 89.22
493
28 25 2 38 469.47
2594
29 1 2 47 313.10
1730
