30
1
10
0 130 0.0 0.1
5463
1 190 0.1 0.0
5572
2 190 0.1 0.0
5521
3 120 0.1 0.1
5464
4 170 0.1 0.1
5541
5 170 0.1 0.1
5350
6 170 0.1 0.1
5497
7 150 0.1 0.1
5460
8 150 0.1 0.1
5529
9 120 0.1 0.1
5406
30
0 17 21 47 289.07
1584
1 9 15 47 723.23
3963
2 5 42 48 150.92
827
3 38 3 48 723.23
3963
4 20 1 34 278.12
1524
5 19 6 47 1.09
6
6 11 11 29 82.49
452
7 12 0 22 0.73
4
8 17 18 48 434.16
2379
9 8 1 47 41.43
227
10 4 32 47 732.17
4012
11 29 11 41 474.49
2600
12 15 4 44 333.06
1825
13 31 4 47 131.76
722
14 13 1 48 615.38
3372
15 29 1 39 639.65
3505
16 2 37 48 95.63
524
17 32 4 47 396.75
2174
18 3 19 48 605.34
3317
19 16 3 32 781.08
4280
20 17 6 47 35.77
196
21 18 3 27 471.21
2582
22 12 22 47 279.22
1530
23 22 8 46 115.89
635
24 6 33 47 284.69
1560
25 2 1 23 154.39
846
26 16 30 47 757.91
4153
27 20 9 47 157.13
861
28 20 9 34 158.41
868
29 21 14 43 485.07
2658
