30
1
10
0 130 0.0 0.1
5615
1 130 0.0 0.1
5346
2 190 0.1 0.0
5493
3 130 0.0 0.1
5473
4 130 0.0 0.1
5398
5 130 0.0 0.1
5639
6 150 0.1 0.1
5466
7 130 0.0 0.1
5420
8 170 0.1 0.1
5510
9 170 0.1 0.1
5341
30
0 26 8 47 504.17
2757
1 3 2 35 133.49
730
2 7 24 48 285.09
1559
3 39 7 47 368.30
2014
4 7 1 29 11.15
61
5 15 4 47 359.33
1965
6 14 0 47 645.71
3531
7 22 23 47 30.90
169
8 5 16 47 38.22
209
9 24 6 48 265.89
1454
10 42 3 48 334.10
1827
11 12 19 47 87.96
481
12 13 16 47 191.83
1049
13 29 0 38 565.98
3095
14 2 0 9 232.79
1273
15 7 5 42 465.76
2547
16 37 5 48 24.50
134
17 34 12 47 427.91
2340
18 25 1 32 245.23
1341
19 16 27 48 9.87
54
20 21 0 24 131.30
718
21 1 17 47 560.49
3065
22 36 0 47 162.20
887
23 4 4 42 556.83
3045
24 13 8 38 905.74
4953
25 43 0 46 396.46
2168
26 1 42 48 31.45
172
27 9 0 27 237.54
1299
28 27 16 47 446.75
2443
29 5 0 34 651.74
3564
