30
1
10
0 170 0.1 0.1
5722
1 170 0.1 0.1
5467
2 190 0.1 0.0
5533
3 150 0.1 0.1
5708
4 150 0.1 0.1
5486
5 190 0.1 0.0
5467
6 120 0.1 0.1
5567
7 120 0.1 0.1
5589
8 190 0.1 0.0
5410
9 150 0.1 0.1
5506
30
0 2 11 48 471.88
2616
1 3 25 47 391.07
2168
2 33 0 48 785.38
4354
3 1 3 47 712.87
3952
4 4 0 39 39.86
221
5 35 0 40 360.58
1999
6 1 42 48 11.18
62
7 17 5 46 172.08
954
8 18 10 47 66.74
370
9 21 4 38 191.39
1061
10 42 2 48 229.99
1275
11 13 3 33 327.21
1814
12 36 4 47 11.00
61
13 45 0 47 479.27
2657
14 8 24 47 226.92
1258
15 24 3 28 42.93
238
16 15 10 42 382.41
2120
17 9 16 48 515.35
2857
18 8 4 38 312.96
1735
19 4 0 30 419.39
2325
20 9 31 47 487.21
2701
21 2 28 47 239.55
1328
22 8 35 47 292.58
1622
23 6 5 48 640.36
3550
24 7 5 27 619.61
3435
25 3 10 48 250.73
1390
26 13 5 48 610.05
3382
27 15 14 39 206.00
1142
28 25 1 45 541.15
3000
29 26 7 36 500.20
2773
