30
1
10
0 120 0.1 0.1
5558
1 190 0.1 0.0
5361
2 150 0.1 0.1
5553
3 170 0.1 0.1
5519
4 150 0.1 0.1
5412
5 120 0.1 0.1
5486
6 190 0.1 0.0
5413
7 120 0.1 0.1
5344
8 170 0.1 0.1
5591
9 130 0.0 0.1
5535
30
0 7 1 25 464.95
2546
1 9 2 34 42.73
234
2 16 1 30 865.06
4737
3 4 1 18 228.27
1250
4 10 6 24 156.32
856
5 16 26 48 147.19
806
6 5 0 41 456.91
2502
7 32 2 48 917.29
5023
8 34 4 47 131.30
719
9 7 8 19 531.05
2908
10 18 14 47 286.89
1571
11 17 2 28 40.91
224
12 1 0 11 446.32
2444
13 15 27 47 4.20
23
14 18 13 48 633.32
3468
15 14 3 24 292.19
1600
16 24 7 48 78.34
429
17 7 5 13 7.12
39
18 12 0 36 845.89
4632
19 7 2 39 283.24
1551
20 44 2 47 322.32
1765
21 27 18 47 153.22
839
22 24 7 48 304.61
1668
23 25 0 47 680.98
3729
24 11 1 43 697.05
3817
25 3 0 26 229.92
1259
26 22 1 48 287.26
1573
27 16 2 48 714.95
3915
28 9 1 33 144.82
793
29 8 0 48 118.15
647
