30
1
10
0 130 0.0 0.1
5536
1 170 0.1 0.1
5484
2 170 0.1 0.1
5615
3 150 0.1 0.1
5534
4 150 0.1 0.1
5622
5 120 0.1 0.1
5488
6 120 0.1 0.1
5474
7 190 0.1 0.0
5469
8 170 0.1 0.1
5407
9 170 0.1 0.1
5629
30
0 36 5 46 36.38
201
1 30 2 48 336.66
1860
2 2 0 18 633.32
3499
3 1 2 37 135.03
746
4 4 0 23 452.86
2502
5 14 28 48 43.98
243
6 40 0 48 203.99
1127
7 7 1 29 895.04
4945
8 3 1 9 62.81
347
9 9 1 48 200.55
1108
10 24 9 48 318.20
1758
11 30 10 46 771.24
4261
12 27 18 48 183.17
1012
13 8 17 48 11.58
64
14 15 3 41 8.51
47
15 28 0 48 673.50
3721
16 15 2 47 447.07
2470
17 13 30 48 330.69
1827
18 1 31 48 35.11
194
19 12 0 28 500.83
2767
20 3 1 27 230.05
1271
21 12 8 37 88.15
487
22 10 11 37 264.62
1462
23 15 2 48 403.09
2227
24 24 1 43 340.10
1879
25 21 19 47 41.27
228
26 3 0 12 835.49
4616
27 17 18 46 599.65
3313
28 6 1 30 345.89
1911
29 3 0 14 60.82
336
