30
1
10
0 170 0.1 0.1
5553
1 190 0.1 0.0
5556
2 150 0.1 0.1
5693
3 190 0.1 0.0
5547
4 150 0.1 0.1
5594
5 170 0.1 0.1
5325
6 150 0.1 0.1
5263
7 170 0.1 0.1
5327
8 150 0.1 0.1
5389
9 170 0.1 0.1
5277
30
0 19 28 48 747.91
4075
1 4 0 8 147.75
805
2 18 28 48 632.46
3446
3 12 12 48 333.85
1819
4 9 5 26 289.25
1576
5 22 1 41 32.85
179
6 1 44 47 818.93
4462
7 16 19 48 911.43
4966
8 12 3 41 443.05
2414
9 8 6 47 107.37
585
10 11 9 48 719.46
3920
11 15 32 47 800.03
4359
12 12 4 26 146.64
799
13 20 17 48 30.10
164
14 28 3 47 101.49
553
15 4 0 29 474.44
2585
16 7 38 48 373.49
2035
17 7 6 23 89.20
486
18 10 4 20 872.34
4753
19 18 3 33 715.42
3898
20 17 17 48 42.40
231
21 10 0 48 43.13
235
22 22 8 47 435.71
2374
23 1 37 48 53.23
290
24 9 2 48 374.96
2043
25 9 2 38 581.62
3169
26 37 1 47 104.43
569
27 8 34 47 197.12
1074
28 8 2 43 494.44
2694
29 25 19 48 135.45
738
