30
1
10
0 190 0.1 0.0
5577
1 190 0.1 0.0
5505
2 150 0.1 0.1
5566
3 150 0.1 0.1
5453
4 190 0.1 0.0
5475
5 170 0.1 0.1
5538
6 170 0.1 0.1
5499
7 120 0.1 0.1
5298
8 170 0.1 0.1
5471
9 170 0.1 0.1
5465
30
0 23 10 47 580.63
3184
1 2 0 30 15.50
85
2 12 2 47 295.24
1619
3 11 4 21 530.30
2908
4 32 6 44 225.76
1238
5 30 2 47 18.24
100
6 12 11 48 851.25
4668
7 10 1 43 172.33
945
8 16 3 48 197.68
1084
9 31 4 48 425.44
2333
10 15 0 30 546.71
2998
11 11 20 47 677.28
3714
12 10 11 44 533.22
2924
13 13 6 47 197.50
1083
14 10 29 48 369.28
2025
15 13 2 44 68.75
377
16 18 7 33 355.78
1951
17 21 1 48 17.51
96
18 2 0 12 452.25
2480
19 21 0 37 188.74
1035
20 12 11 37 384.05
2106
21 21 15 47 374.38
2053
22 32 1 39 980.55
5377
23 12 34 47 767.00
4206
24 9 1 32 15.68
86
25 10 1 31 78.23
429
26 11 3 48 367.45
2015
27 35 10 48 936.78
5137
28 16 15 47 48.51
266
29 11 28 48 552.73
3031
