30
1
10
0 170 0.1 0.1
5387
1 170 0.1 0.1
5437
2 170 0.1 0.1
5531
3 190 0.1 0.0
5654
4 170 0.1 0.1
5495
5 190 0.1 0.0
5592
6 150 0.1 0.1
5449
7 130 0.0 0.1
5535
8 190 0.1 0.0
5524
9 170 0.1 0.1
5576
30
0 4 5 38 687.33
3792
1 26 2 47 109.12
602
2 15 9 48 287.48
1586
3 1 0 20 686.79
3789
4 6 1 29 113.29
625
5 7 15 48 93.35
515
6 10 17 47 738.99
4077
7 19 2 48 67.79
374
8 16 14 41 109.30
603
9 4 24 48 814.94
4496
10 1 0 45 109.66
605
11 37 0 47 70.51
389
12 13 32 48 317.02
1749
13 33 1 48 402.76
2222
14 1 0 37 77.04
425
15 8 13 47 73.59
406
16 7 13 34 179.81
992
17 24 0 41 482.15
2660
18 18 0 44 321.92
1776
19 10 9 48 485.23
2677
20 26 0 40 536.71
2961
21 3 38 47 106.22
586
22 25 1 38 529.46
2921
23 10 0 36 387.89
2140
24 22 22 48 579.85
3199
25 6 22 48 84.29
465
26 32 5 47 608.30
3356
27 36 4 47 109.12
602
28 32 2 48 91.35
504
29 10 2 39 69.24
382
