30
1
10
0 170 0.1 0.1
5407
1 120 0.1 0.1
5479
2 120 0.1 0.1
5748
3 170 0.1 0.1
5355
4 150 0.1 0.1
5591
5 170 0.1 0.1
5652
6 170 0.1 0.1
5385
7 150 0.1 0.1
5382
8 170 0.1 0.1
5559
9 130 0.0 0.1
5399
30
0 16 1 17 115.97
637
1 5 1 33 282.55
1552
2 7 13 47 885.53
4864
3 2 33 48 181.33
996
4 7 12 48 155.11
852
5 14 21 48 341.36
1875
6 3 15 48 351.55
1931
7 13 29 47 645.21
3544
8 2 14 47 940.15
5164
9 9 3 23 187.52
1030
10 22 16 48 125.26
688
11 35 10 48 468.43
2573
12 5 40 48 683.44
3754
13 25 11 43 564.74
3102
14 2 0 29 811.25
4456
15 1 30 48 317.69
1745
16 44 0 46 261.80
1438
17 26 18 47 16.39
90
18 19 2 41 39.69
218
19 30 5 47 519.59
2854
20 28 5 39 922.30
5066
21 38 0 46 187.16
1028
22 6 3 40 625.73
3437
23 5 0 28 410.90
2257
24 19 25 48 720.77
3959
25 21 8 47 26.03
143
26 1 1 14 27.85
153
27 34 8 46 489.01
2686
28 4 27 48 28.40
156
29 32 5 47 507.21
2786
