30
1
10
0 130 0.0 0.1
5354
1 120 0.1 0.1
5635
2 150 0.1 0.1
5397
3 190 0.1 0.0
5401
4 150 0.1 0.1
5551
5 130 0.0 0.1
5244
6 190 0.1 0.0
5352
7 150 0.1 0.1
5375
8 130 0.0 0.1
5559
9 170 0.1 0.1
5649
30
0 27 1 45 533.34
2906
1 6 22 48 364.50
1986
2 17 0 47 234.74
1279
3 20 1 48 121.68
663
4 20 13 48 878.57
4787
5 30 3 48 60.38
329
6 2 3 28 124.80
680
7 27 6 47 191.97
1046
8 2 0 44 323.93
1765
9 33 0 41 108.83
593
10 34 13 47 711.00
3874
11 26 21 47 79.29
432
12 21 10 48 471.49
2569
13 6 35 47 94.15
513
14 19 17 47 138.38
754
15 21 23 47 458.83
2500
16 24 0 39 741.47
4040
17 7 19 48 132.88
724
18 27 6 41 452.96
2468
19 14 8 30 742.20
4044
20 4 1 12 84.79
462
21 19 5 48 439.38
2394
22 9 15 48 230.33
1255
23 11 10 48 572.25
3118
24 18 7 36 182.98
997
25 6 34 48 689.53
3757
26 10 31 47 30.65
167
27 16 15 34 270.71
1475
28 3 0 44 363.76
1982
29 17 0 23 614.28
3347
