30
1
10
0 190 0.1 0.0
5519
1 190 0.1 0.0
5395
2 190 0.1 0.0
5454
3 150 0.1 0.1
5552
4 130 0.0 0.1
5419
5 130 0.0 0.1
5626
6 130 0.0 0.1
5647
7 150 0.1 0.1
5260
8 150 0.1 0.1
5620
9 130 0.0 0.1
5482
30
0 12 17 48 468.43
2574
1 2 15 47 254.96
1401
2 27 5 43 157.60
866
3 6 4 48 446.41
2453
4 1 24 48 272.80
1499
5 12 2 46 430.39
2365
6 16 29 47 54.23
298
7 18 17 48 727.03
3995
8 15 12 47 337.76
1856
9 11 6 19 41.86
230
10 6 12 47 261.15
1435
11 8 11 47 328.85
1807
12 11 0 45 507.37
2788
13 9 13 48 389.99
2143
14 33 0 42 262.42
1442
15 10 0 28 354.87
1950
16 22 15 46 562.33
3090
17 7 16 48 183.62
1009
18 17 9 31 566.70
3114
19 22 15 45 402.37
2211
20 9 1 36 356.87
1961
21 37 0 41 227.12
1248
22 9 27 47 634.40
3486
23 16 17 47 557.42
3063
24 1 1 3 66.42
365
25 6 14 47 467.70
2570
26 14 0 40 197.82
1087
27 13 16 41 340.13
1869
28 11 28 48 313.01
1720
29 23 4 37 246.04
1352
