30
1
10
0 190 0.1 0.0
5460
1 150 0.1 0.1
5472
2 150 0.1 0.1
5506
3 190 0.1 0.0
5524
4 150 0.1 0.1
5582
5 150 0.1 0.1
5412
6 170 0.1 0.1
5660
7 120 0.1 0.1
5740
8 190 0.1 0.0
5572
9 120 0.1 0.1
5572
30
0 36 5 44 640.90
3556
1 10 27 47 45.60
253
2 25 2 41 315.58
1751
3 24 6 46 458.87
2546
4 7 2 48 329.10
1826
5 13 12 47 319.01
1770
6 3 21 47 186.90
1037
7 40 0 42 334.33
1855
8 32 14 47 101.47
563
9 6 2 47 457.96
2541
10 7 6 43 758.59
4209
11 6 31 47 267.10
1482
12 2 5 48 346.76
1924
13 1 2 48 482.12
2675
14 34 11 47 477.79
2651
15 11 31 48 339.19
1882
16 29 1 45 54.25
301
17 26 0 41 49.38
274
18 17 22 46 459.77
2551
19 5 28 48 547.90
3040
20 11 15 39 819.15
4545
21 23 5 34 821.13
4556
22 2 30 48 250.88
1392
23 19 20 47 387.31
2149
24 31 8 45 215.37
1195
25 30 0 48 169.24
939
26 6 14 48 35.33
196
27 2 44 47 357.22
1982
28 17 5 40 287.65
1596
29 10 23 47 518.52
2877
