30
1
10
0 120 0.1 0.1
5474
1 130 0.0 0.1
5488
2 120 0.1 0.1
5537
3 170 0.1 0.1
5463
4 170 0.1 0.1
5433
5 150 0.1 0.1
5517
6 150 0.1 0.1
5406
7 190 0.1 0.0
5637
8 120 0.1 0.1
5543
9 120 0.1 0.1
5563
30
0 7 17 48 237.77
1309
1 3 25 48 276.46
1522
2 22 3 43 514.77
2834
3 34 0 48 108.44
597
4 9 18 47 125.33
690
5 14 6 32 605.77
3335
6 3 10 47 455.38
2507
7 14 13 41 662.63
3648
8 44 1 46 410.33
2259
9 8 19 47 472.99
2604
10 8 7 48 271.74
1496
11 6 13 48 118.79
654
12 13 4 48 842.09
4636
13 26 1 45 383.81
2113
14 30 0 41 144.95
798
15 1 32 47 299.53
1649
16 5 25 47 26.70
147
17 11 30 48 82.65
455
18 1 9 48 464.82
2559
19 22 6 36 236.68
1303
20 17 9 48 705.68
3885
21 13 10 41 104.44
575
22 9 1 44 13.99
77
23 6 23 47 132.23
728
24 13 0 43 406.33
2237
25 10 0 40 463.91
2554
26 36 4 43 306.25
1686
27 19 9 42 43.41
239
28 5 32 48 462.64
2547
29 23 0 44 269.01
1481
