30
1
10
0 150 0.1 0.1
5548
1 150 0.1 0.1
5554
2 130 0.0 0.1
5483
3 150 0.1 0.1
5463
4 150 0.1 0.1
5424
5 130 0.0 0.1
5567
6 130 0.0 0.1
5453
7 120 0.1 0.1
5419
8 120 0.1 0.1
5525
9 190 0.1 0.0
5443
30
0 2 0 33 129.57
711
1 3 1 28 602.11
3304
2 29 1 47 401.65
2204
3 9 4 37 10.21
56
4 15 3 47 153.81
844
5 37 3 48 9.84
54
6 14 26 48 667.17
3661
7 33 7 48 570.58
3131
8 34 4 47 164.19
901
9 21 13 48 606.85
3330
10 5 0 47 387.62
2127
11 26 7 47 637.10
3496
12 10 1 26 151.07
829
13 16 24 47 39.36
216
14 4 1 30 8.20
45
15 36 0 40 330.39
1813
16 36 0 47 765.21
4199
17 4 43 47 589.53
3235
18 13 13 42 230.89
1267
19 38 3 48 116.27
638
20 24 0 28 510.08
2799
21 18 19 48 4.74
26
22 16 3 47 409.85
2249
23 30 1 40 175.68
964
24 3 1 42 77.09
423
25 21 16 48 255.50
1402
26 7 0 36 90.02
494
27 2 0 48 346.98
1904
28 14 16 47 735.87
4038
29 9 5 32 305.79
1678
