30
1
5
0 120 0.1 0.1
5418
1 130 0.0 0.1
5636
2 130 0.0 0.1
5614
3 130 0.0 0.1
5599
4 130 0.0 0.1
5543
25
0 23 3 48 282.15
1569
1 30 1 42 556.75
3096
2 27 2 48 556.03
3092
3 9 17 46 23.02
128
4 12 11 31 15.82
88
5 8 1 35 174.07
968
6 4 29 48 190.62
1060
7 11 0 38 7.37
41
8 16 23 48 324.05
1802
9 5 1 13 329.98
1835
10 10 23 45 132.89
739
11 13 2 47 113.29
630
12 3 2 8 122.46
681
13 3 31 47 513.41
2855
14 9 32 44 593.43
3300
15 15 22 47 374.76
2084
16 10 4 16 193.31
1075
17 21 1 48 269.92
1501
18 21 5 47 134.51
748
19 10 3 37 355.34
1976
20 1 13 33 8.99
50
21 11 5 45 471.69
2623
22 16 3 34 205.36
1142
23 6 4 40 321.35
1787
24 1 20 46 167.24
930
