30
1
5
0 150 0.1 0.1
5548
1 150 0.1 0.1
5557
2 130 0.0 0.1
5467
3 150 0.1 0.1
5472
4 150 0.1 0.1
5425
25
0 12 0 15 902.00
4955
1 33 5 46 150.18
825
2 27 9 39 453.64
2492
3 5 17 47 95.02
522
4 5 0 28 343.14
1885
5 8 6 48 401.58
2206
6 5 22 48 324.76
1784
7 6 2 44 28.22
155
8 6 2 48 82.28
452
9 1 7 47 126.52
695
10 6 4 31 15.47
85
11 21 13 47 73.18
402
12 4 9 46 347.69
1910
13 11 36 48 76.09
418
14 5 7 15 182.77
1004
15 1 40 48 763.47
4194
16 14 1 35 98.85
543
17 20 2 35 437.62
2404
18 22 3 47 177.31
974
19 18 23 47 370.27
2034
20 8 3 38 21.66
119
21 3 40 48 342.60
1882
22 1 17 48 184.04
1011
23 19 0 39 26.40
145
24 42 4 48 54.79
301
