30
1
5
0 130 0.0 0.1
5615
1 130 0.0 0.1
5342
2 190 0.1 0.0
5496
3 130 0.0 0.1
5470
4 130 0.0 0.1
5394
25
0 25 4 38 606.21
3311
1 3 14 46 381.56
2084
2 11 3 29 155.99
852
3 13 1 46 1.83
10
4 1 0 30 403.35
2203
5 17 17 48 731.44
3995
6 22 7 36 346.04
1890
7 1 0 34 228.68
1249
8 14 0 40 181.44
991
9 37 7 47 85.87
469
10 34 4 43 8.79
48
11 11 3 47 110.04
601
12 1 37 47 294.59
1609
13 31 5 48 208.17
1137
14 14 15 44 2.01
11
15 24 23 48 284.70
1555
16 2 0 13 108.57
593
17 12 2 43 62.07
339
18 2 0 44 237.10
1295
19 8 4 47 56.76
310
20 4 33 48 736.57
4023
21 23 4 41 71.22
389
22 2 0 26 281.59
1538
23 18 7 42 78.91
431
24 2 0 19 6.59
36
