30
1
5
0 190 0.1 0.0
5574
1 190 0.1 0.0
5505
2 150 0.1 0.1
5562
3 150 0.1 0.1
5465
4 190 0.1 0.0
5465
25
0 25 15 47 485.15
2675
1 4 0 32 348.58
1922
2 6 6 23 43.35
239
3 20 12 47 377.96
2084
4 16 2 27 141.83
782
5 2 0 23 244.84
1350
6 17 28 47 138.20
762
7 5 30 48 221.99
1224
8 9 23 48 47.52
262
9 15 8 48 387.03
2134
10 8 3 15 30.11
166
11 34 0 35 305.05
1682
12 16 3 28 545.72
3009
13 26 11 48 446.52
2462
14 9 1 36 235.77
1300
15 9 13 36 262.07
1445
16 6 1 28 83.97
463
17 20 25 47 525.23
2896
18 6 0 47 20.86
115
19 25 17 48 35.37
195
20 15 25 48 54.77
302
21 17 1 41 247.02
1362
22 13 2 18 60.39
333
23 18 6 28 101.93
562
24 11 7 48 351.30
1937
