30
1
5
0 130 0.0 0.1
5553
1 170 0.1 0.1
5483
2 170 0.1 0.1
5604
3 150 0.1 0.1
5545
4 150 0.1 0.1
5614
25
0 12 7 40 404.00
2246
1 2 5 45 261.90
1456
2 4 20 47 600.60
3339
3 26 2 46 119.80
666
4 19 8 48 431.34
2398
5 1 0 31 45.87
255
6 15 2 28 28.96
161
7 9 6 29 357.59
1988
8 16 21 48 101.81
566
9 3 0 48 60.62
337
10 3 7 34 109.00
606
11 2 18 48 27.16
151
12 1 0 33 452.93
2518
13 17 0 33 196.60
1093
14 14 5 27 117.46
653
15 12 30 48 576.50
3205
16 16 29 48 178.62
993
17 15 29 47 350.22
1947
18 18 2 43 73.21
407
19 31 1 34 306.15
1702
20 7 16 48 57.92
322
21 22 6 31 310.11
1724
22 13 0 41 634.96
3530
23 3 28 39 432.96
2407
24 17 12 47 290.86
1617
