30
1
5
0 170 0.1 0.1
5339
1 170 0.1 0.1
5540
2 130 0.0 0.1
5414
3 130 0.0 0.1
5607
4 120 0.1 0.1
5469
25
0 5 0 46 120.43
659
1 10 14 37 383.21
2097
2 37 9 46 601.04
3289
3 27 11 47 141.44
774
4 9 7 48 78.21
428
5 3 2 16 25.77
141
6 32 6 48 96.49
528
7 33 13 48 166.84
913
8 6 9 41 108.00
591
9 5 40 48 701.55
3839
10 1 4 44 100.69
551
11 12 1 44 62.86
344
12 4 0 19 191.15
1046
13 5 7 29 237.75
1301
14 9 7 37 83.88
459
15 13 3 46 652.02
3568
16 24 7 47 599.39
3280
17 27 2 43 138.52
758
18 21 23 47 179.27
981
19 11 2 36 478.78
2620
20 1 44 47 559.01
3059
21 20 4 28 134.13
734
22 12 29 48 114.03
624
23 5 0 24 413.00
2260
24 3 0 9 625.71
3424
