30
1
5
0 190 0.1 0.0
5457
1 150 0.1 0.1
5466
2 150 0.1 0.1
5526
3 190 0.1 0.0
5518
4 150 0.1 0.1
5581
25
0 28 0 46 141.76
781
1 4 0 45 526.39
2900
2 11 0 32 34.12
188
3 26 7 47 181.33
999
4 7 23 48 166.63
918
5 10 19 47 18.15
100
6 34 1 48 104.19
574
7 6 7 41 16.88
93
8 3 0 28 160.82
886
9 3 28 39 20.51
113
10 24 22 47 487.91
2688
11 16 14 44 443.26
2442
12 3 0 12 88.58
488
13 11 28 47 426.01
2347
14 19 1 48 202.57
1116
15 39 4 46 130.69
720
16 8 3 30 552.35
3043
17 6 1 45 226.71
1249
18 11 9 47 535.46
2950
19 5 15 48 21.78
120
20 34 7 47 37.39
206
21 3 0 20 200.21
1103
22 22 24 48 66.25
365
23 27 18 48 498.25
2745
24 2 9 40 302.40
1666
