30
1
5
0 190 0.1 0.0
5524
1 190 0.1 0.0
5388
2 190 0.1 0.0
5459
3 150 0.1 0.1
5547
4 130 0.0 0.1
5422
25
0 18 5 48 672.72
3678
1 12 2 33 409.16
2237
2 6 10 47 23.59
129
3 10 1 40 325.75
1781
4 17 2 44 166.99
913
5 23 4 30 86.15
471
6 5 32 48 145.77
797
7 10 9 46 121.81
666
8 8 38 48 214.91
1175
9 8 9 28 238.69
1305
10 13 3 28 286.25
1565
11 8 1 44 443.91
2427
12 14 25 48 114.68
627
13 21 15 47 446.83
2443
14 9 12 26 355.38
1943
15 5 4 44 500.06
2734
16 17 2 47 282.04
1542
17 22 2 42 25.24
138
18 6 10 41 145.59
796
19 12 16 36 62.74
343
20 19 26 48 320.27
1751
21 8 4 31 96.02
525
22 8 22 48 120.35
658
23 4 0 41 443.73
2426
24 3 0 43 132.97
727
