30
1
5
0 170 0.1 0.1
5418
1 120 0.1 0.1
5463
2 120 0.1 0.1
5746
3 170 0.1 0.1
5351
4 150 0.1 0.1
5604
25
0 2 0 43 871.79
4806
1 1 1 48 50.97
281
2 4 6 28 111.92
617
3 7 1 28 395.99
2183
4 18 0 43 94.14
519
5 30 15 48 73.47
405
6 6 34 47 29.75
164
7 21 14 48 690.21
3805
8 20 17 48 52.60
290
9 10 25 47 60.22
332
10 20 3 44 10.16
56
11 29 5 40 181.58
1001
12 2 31 48 235.63
1299
13 13 4 42 307.83
1697
14 13 3 48 250.33
1380
15 3 9 48 9.07
50
16 2 0 34 46.62
257
17 2 43 47 255.41
1408
18 12 10 39 285.52
1574
19 8 11 45 296.94
1637
20 1 0 6 343.93
1896
21 7 10 47 131.15
723
22 16 17 47 864.71
4767
23 24 11 44 80.36
443
24 2 17 47 454.03
2503
