30
1
5
0 130 0.0 0.1
5469
1 190 0.1 0.0
5555
2 190 0.1 0.0
5529
3 120 0.1 0.1
5470
4 170 0.1 0.1
5544
25
0 16 28 47 238.52
1315
1 15 20 48 23.40
129
2 25 6 35 14.69
81
3 13 33 47 352.61
1944
4 39 4 48 40.27
222
5 9 2 41 332.66
1834
6 13 12 36 146.92
810
7 14 3 25 221.11
1219
8 5 0 34 143.66
792
9 23 2 44 328.12
1809
10 8 5 30 99.76
550
11 24 13 47 128.24
707
12 5 1 21 241.60
1332
13 14 13 48 248.50
1370
14 3 2 37 337.56
1861
15 38 0 47 564.29
3111
16 13 7 26 33.56
185
17 21 0 40 170.86
942
18 5 2 25 561.20
3094
19 3 24 48 339.55
1872
20 1 35 48 31.02
171
21 34 3 38 64.03
353
22 6 17 47 574.63
3168
23 4 6 41 385.44
2125
24 20 15 45 421.54
2324
