30
1
5
0 150 0.1 0.1
5640
1 190 0.1 0.0
5432
2 170 0.1 0.1
5537
3 120 0.1 0.1
5427
4 130 0.0 0.1
5521
25
0 8 10 47 57.35
316
1 5 0 35 149.54
824
2 1 0 44 323.39
1782
3 9 1 40 63.70
351
4 6 9 44 358.78
1977
5 12 8 23 715.75
3944
6 6 26 48 145.00
799
7 46 1 47 547.52
3017
8 15 16 45 586.90
3234
9 2 0 23 418.67
2307
10 22 2 41 153.35
845
11 5 42 47 277.30
1528
12 12 7 44 57.53
317
13 19 4 47 25.41
140
14 1 0 3 334.28
1842
15 20 22 48 721.74
3977
16 13 5 46 192.00
1058
17 2 0 34 11.98
66
18 13 14 47 545.52
3006
19 2 0 4 424.48
2339
20 6 5 47 60.80
335
21 17 0 33 606.32
3341
22 8 30 48 210.15
1158
23 10 19 47 39.38
217
24 3 43 48 780.54
4301
