30
1
5
0 120 0.1 0.1
5553
1 150 0.1 0.1
5541
2 120 0.1 0.1
5405
3 150 0.1 0.1
5457
4 150 0.1 0.1
5631
25
0 10 1 23 352.05
1942
1 5 39 48 51.30
283
2 3 24 48 160.43
885
3 18 4 45 114.03
629
4 9 5 45 82.30
454
5 5 0 31 575.21
3173
6 35 5 43 382.87
2112
7 4 2 19 209.20
1154
8 9 6 47 148.65
820
9 19 0 21 64.54
356
10 5 38 47 580.46
3202
11 20 17 43 130.16
718
12 4 0 28 178.56
985
13 1 5 38 83.57
461
14 9 6 47 181.83
1003
15 10 1 23 477.31
2633
16 15 15 48 136.69
754
17 16 26 48 32.99
182
18 2 4 48 168.59
930
19 5 3 13 242.19
1336
20 10 36 47 544.93
3006
21 7 3 32 703.92
3883
22 9 35 47 420.94
2322
23 20 9 46 264.13
1457
24 2 22 47 275.91
1522
