30
1
5
0 130 0.0 0.1
5506
1 130 0.0 0.1
5530
2 130 0.0 0.1
5504
3 120 0.1 0.1
5432
4 190 0.1 0.0
5582
25
0 8 18 47 587.44
3237
1 4 3 40 67.69
373
2 11 28 46 475.47
2620
3 3 36 48 685.62
3778
4 10 5 41 210.33
1159
5 17 11 45 107.80
594
6 8 10 48 360.77
1988
7 17 8 38 700.32
3859
8 16 6 42 198.17
1092
9 15 24 48 119.77
660
10 13 1 44 312.68
1723
11 4 20 39 11.80
65
12 3 0 25 87.11
480
13 2 17 48 664.56
3662
14 13 32 48 276.57
1524
15 15 0 20 308.87
1702
16 13 1 48 441.17
2431
17 8 10 48 325.20
1792
18 6 10 40 4.90
27
19 9 9 48 163.87
903
20 23 14 46 316.68
1745
21 15 9 47 5.81
32
22 13 13 31 311.23
1715
23 10 16 48 483.45
2664
24 28 18 47 113.42
625
