30
1
3
0 150 0.1 0.1
5560
1 170 0.1 0.1
5503
2 120 0.1 0.1
5382
20
0 4 40 48 82.29
451
1 10 1 37 336.82
1846
2 7 8 32 385.54
2113
3 13 1 15 399.22
2188
4 22 11 40 109.11
598
5 5 4 37 303.61
1664
6 17 24 48 388.82
2131
7 10 4 44 204.90
1123
8 19 22 47 272.41
1493
9 18 10 48 575.30
3153
10 7 35 48 163.85
898
11 9 1 27 234.28
1284
12 28 13 47 300.33
1646
13 6 2 39 449.03
2461
14 23 13 48 8.39
46
15 9 0 40 417.29
2287
16 15 25 48 114.77
629
17 10 15 48 81.01
444
18 10 13 44 9.85
54
19 4 17 27 299.60
1642
