30
1
3
0 150 0.1 0.1
5530
1 170 0.1 0.1
5496
2 170 0.1 0.1
5481
20
0 10 3 46 207.91
1144
1 20 26 47 468.90
2580
2 4 0 34 129.76
714
3 7 0 40 3.45
19
4 17 2 25 656.28
3611
5 12 7 46 316.60
1742
6 7 11 26 309.33
1702
7 6 14 43 115.95
638
8 16 8 29 488.16
2686
9 10 8 26 4.00
22
10 5 6 30 107.23
590
11 9 32 48 566.49
3117
12 15 26 48 256.26
1410
13 8 3 43 300.79
1655
14 5 8 33 146.30
805
15 9 8 19 439.64
2419
16 18 23 47 409.10
2251
17 13 25 47 213.73
1176
18 5 24 47 149.94
825
19 3 1 21 123.04
677
