30
1
3
0 190 0.1 0.0
5468
1 150 0.1 0.1
5469
2 150 0.1 0.1
5521
20
0 42 3 46 175.72
964
1 6 5 12 39.92
219
2 4 1 29 204.34
1121
3 18 24 48 184.47
1012
4 29 1 48 488.16
2678
5 13 17 48 434.93
2386
6 29 2 47 103.72
569
7 4 36 47 279.63
1534
8 1 37 47 648.57
3558
9 1 43 47 151.48
831
10 5 6 35 60.15
330
11 13 1 47 325.20
1784
12 11 2 36 372.41
2043
13 6 0 6 199.79
1096
14 3 4 32 41.93
230
15 12 3 39 376.06
2063
16 27 14 48 304.24
1669
17 14 24 48 866.59
4754
18 10 32 48 76.74
421
19 4 38 48 39.01
214
