30
1
3
0 150 0.1 0.1
5559
1 150 0.1 0.1
5542
2 130 0.0 0.1
5468
20
0 6 0 26 801.06
4424
1 18 24 48 596.26
3293
2 13 32 47 532.71
2942
3 16 1 45 112.44
621
4 10 0 32 332.45
1836
5 30 6 48 15.21
84
6 6 13 48 126.93
701
7 24 10 47 233.04
1287
8 7 1 9 59.39
328
9 3 2 28 40.20
222
10 6 13 48 164.41
908
11 4 6 17 489.80
2705
12 20 27 48 462.45
2554
13 16 11 48 198.27
1095
14 3 2 42 379.52
2096
15 8 11 23 521.66
2881
16 16 23 48 43.28
239
17 5 0 29 27.34
151
18 9 9 32 254.04
1403
19 9 0 20 948.63
5239
