30
1
3
0 170 0.1 0.1
5407
1 190 0.1 0.0
5442
2 130 0.0 0.1
5628
20
0 13 29 47 305.43
1677
1 7 28 47 254.98
1400
2 9 3 31 1.09
6
3 7 22 48 503.04
2762
4 16 13 43 373.36
2050
5 6 1 44 271.19
1489
6 20 0 28 160.82
883
7 10 19 48 259.71
1426
8 8 15 48 68.30
375
9 25 7 48 0.91
5
10 7 31 48 132.95
730
11 13 0 18 719.04
3948
12 28 7 43 124.94
686
13 27 6 35 610.31
3351
14 11 23 47 378.46
2078
15 1 29 37 207.44
1139
16 20 0 34 293.77
1613
17 1 4 44 65.02
357
18 7 12 48 634.53
3484
19 17 17 44 78.13
429
