30
1
3
0 170 0.1 0.1
5730
1 170 0.1 0.1
5456
2 190 0.1 0.0
5554
20
0 10 10 47 32.99
184
1 16 13 44 258.53
1442
2 17 12 48 457.36
2551
3 19 12 47 149.88
836
4 4 0 47 691.14
3855
5 2 32 47 349.96
1952
6 5 2 47 577.30
3220
7 9 18 48 245.98
1372
8 2 33 48 396.94
2214
9 18 2 33 66.69
372
10 6 2 48 63.29
353
11 5 9 45 76.91
429
12 15 17 45 562.78
3139
13 11 24 39 134.82
752
14 8 1 23 56.30
314
15 12 6 27 808.75
4511
16 19 21 48 49.66
277
17 7 6 27 63.29
353
18 7 0 48 401.24
2238
19 13 6 46 228.41
1274
