30
1
3
0 120 0.1 0.1
5417
1 190 0.1 0.0
5668
2 190 0.1 0.0
5419
20
0 18 8 48 572.30
3147
1 4 6 36 457.00
2513
2 17 22 48 20.91
115
3 21 18 47 70.92
390
4 13 2 32 143.48
789
5 18 3 47 88.75
488
6 3 11 35 110.57
608
7 10 1 23 284.61
1565
8 10 26 48 96.38
530
9 2 11 40 526.84
2897
10 10 0 11 58.92
324
11 2 33 48 556.66
3061
12 14 15 48 390.63
2148
13 42 1 45 138.57
762
14 21 12 47 383.17
2107
15 18 11 39 28.55
157
16 27 1 43 66.92
368
17 23 3 42 380.26
2091
18 10 12 47 439.00
2414
19 6 22 47 144.03
792
