30
1
5
0 150 0.1 0.1
5559
1 150 0.1 0.1
5542
2 130 0.0 0.1
5468
3 150 0.1 0.1
5488
4 150 0.1 0.1
5437
20
0 6 1 39 163.32
898
1 6 2 28 24.37
134
2 7 0 40 209.15
1150
3 9 0 38 667.65
3671
4 6 28 48 703.11
3866
5 8 0 36 83.48
459
6 32 4 48 166.05
913
7 28 3 48 584.53
3214
8 12 15 48 495.96
2727
9 10 0 11 455.04
2502
10 20 24 48 570.35
3136
11 23 14 47 76.75
422
12 22 12 47 503.42
2768
13 3 7 48 65.29
359
14 29 9 47 79.48
437
15 22 21 48 937.72
5156
16 27 0 47 16.73
92
17 15 7 36 459.04
2524
18 5 0 40 890.44
4896
19 11 34 48 260.62
1433
