30
1
5
0 170 0.1 0.1
5417
1 120 0.1 0.1
5457
2 120 0.1 0.1
5750
3 170 0.1 0.1
5385
4 150 0.1 0.1
5582
20
0 10 18 48 101.90
562
1 29 13 48 140.34
774
2 22 9 45 10.52
58
3 9 2 44 345.42
1905
4 2 39 47 786.76
4339
5 4 41 47 229.01
1263
6 18 12 48 466.00
2570
7 23 8 47 476.15
2626
8 16 5 48 328.74
1813
9 8 12 32 234.81
1295
10 17 17 47 369.54
2038
11 2 2 48 5.80
32
12 26 9 45 151.95
838
13 1 0 2 517.50
2854
14 11 32 47 365.55
2016
15 19 6 48 539.98
2978
16 28 10 47 519.85
2867
17 8 2 37 575.34
3173
18 2 0 45 240.43
1326
19 15 3 25 82.50
455
