30
1
5
0 120 0.1 0.1
5432
1 170 0.1 0.1
5608
2 170 0.1 0.1
5498
3 190 0.1 0.0
5362
4 150 0.1 0.1
5475
20
0 7 1 39 247.54
1355
1 33 14 48 525.59
2877
2 3 1 19 394.24
2158
3 9 0 42 69.24
379
4 16 4 28 404.84
2216
5 23 19 48 179.22
981
6 10 0 23 253.02
1385
7 5 0 43 273.30
1496
8 22 0 47 667.54
3654
9 12 3 48 117.47
643
10 19 1 28 107.06
586
11 10 33 48 164.05
898
12 9 0 11 466.04
2551
13 33 8 48 265.81
1455
14 18 25 47 604.88
3311
15 16 16 47 391.68
2144
16 36 5 47 459.28
2514
17 40 3 48 486.13
2661
18 4 3 47 504.77
2763
19 10 1 48 501.30
2744
