30
1
5
0 150 0.1 0.1
5530
1 170 0.1 0.1
5496
2 170 0.1 0.1
5481
3 130 0.0 0.1
5491
4 120 0.1 0.1
5257
20
0 7 6 20 565.04
3079
1 5 5 43 410.52
2237
2 16 4 45 320.23
1745
3 33 12 48 3.12
17
4 9 0 47 5.14
28
5 5 31 47 181.68
990
6 26 13 47 432.54
2357
7 34 3 45 503.56
2744
8 4 34 48 726.53
3959
9 16 8 47 188.29
1026
10 3 0 45 96.34
525
11 13 9 42 389.42
2122
12 10 10 47 351.25
1914
13 28 18 48 541.55
2951
14 10 5 48 173.24
944
15 22 17 48 245.36
1337
16 30 5 46 179.11
976
17 11 7 48 571.83
3116
18 3 1 33 329.96
1798
19 14 16 48 351.43
1915
