30
1
5
0 130 0.0 0.1
5352
1 120 0.1 0.1
5654
2 150 0.1 0.1
5374
3 190 0.1 0.0
5395
4 150 0.1 0.1
5566
20
0 13 9 47 848.03
4635
1 8 10 48 19.58
107
2 12 32 47 250.66
1370
3 22 3 48 29.46
161
4 9 3 29 826.99
4520
5 29 0 35 468.02
2558
6 20 15 47 704.59
3851
7 9 29 48 417.52
2282
8 10 7 39 177.11
968
9 22 17 47 304.82
1666
10 28 19 47 464.91
2541
11 20 3 37 47.20
258
12 18 0 32 614.20
3357
13 14 32 47 170.16
930
14 2 2 4 196.50
1074
15 22 23 48 360.62
1971
16 3 1 16 413.68
2261
17 15 0 35 328.05
1793
18 20 0 28 198.33
1084
19 10 10 48 87.27
477
