30
1
5
0 190 0.1 0.0
5652
1 150 0.1 0.1
5469
2 170 0.1 0.1
5422
3 150 0.1 0.1
5548
4 190 0.1 0.0
5601
20
0 13 1 40 631.74
3498
1 10 0 16 380.88
2109
2 1 0 18 489.97
2713
3 10 0 28 170.85
946
4 41 5 48 148.27
821
5 5 4 14 502.43
2782
6 21 23 48 598.69
3315
7 1 0 28 129.49
717
8 1 36 48 632.10
3500
9 12 30 47 236.95
1312
10 18 10 47 270.90
1500
11 7 4 47 137.26
760
12 37 9 47 82.71
458
13 17 13 48 346.75
1920
14 6 2 13 128.95
714
15 29 16 47 580.45
3214
16 1 11 48 115.04
637
17 26 4 46 694.58
3846
18 14 0 48 660.09
3655
19 21 6 35 88.13
488
