30
1
5
0 120 0.1 0.1
5433
1 130 0.0 0.1
5639
2 130 0.0 0.1
5595
3 130 0.0 0.1
5590
4 130 0.0 0.1
5539
20
0 29 1 44 773.98
4302
1 29 1 47 263.21
1463
2 26 3 41 203.48
1131
3 12 2 43 123.96
689
4 5 1 16 111.19
618
5 17 8 47 450.32
2503
6 25 20 48 571.22
3175
7 14 33 48 4.14
23
8 14 5 47 120.54
670
9 6 6 40 354.79
1972
10 26 0 34 639.05
3552
11 30 0 45 8.28
46
12 5 4 47 213.02
1184
13 8 4 41 442.22
2458
14 12 33 47 85.28
474
15 3 3 31 734.22
4081
16 26 9 48 209.42
1164
17 16 10 48 325.82
1811
18 12 32 48 383.57
2132
19 31 13 48 465.79
2589
