30
1
5
0 150 0.1 0.1
5644
1 190 0.1 0.0
5433
2 170 0.1 0.1
5533
3 120 0.1 0.1
5429
4 130 0.0 0.1
5530
20
0 22 22 48 507.56
2798
1 2 0 17 495.95
2734
2 17 2 30 336.32
1854
3 25 10 47 523.70
2887
4 23 10 46 474.54
2616
5 19 27 47 85.08
469
6 1 0 5 303.12
1671
7 19 0 33 381.48
2103
8 9 38 48 377.86
2083
9 22 12 47 392.73
2165
10 1 1 47 109.93
606
11 20 0 34 208.79
1151
12 25 2 43 74.74
412
13 1 0 23 323.98
1786
14 11 6 21 230.92
1273
15 11 4 47 211.69
1167
16 45 0 47 401.80
2215
17 8 15 48 78.36
432
18 5 30 47 388.38
2141
19 18 1 48 224.03
1235
