30
1
5
0 190 0.1 0.0
5386
1 170 0.1 0.1
5503
2 170 0.1 0.1
5503
3 190 0.1 0.0
5552
4 120 0.1 0.1
5627
20
0 27 11 46 680.02
3749
1 12 29 48 613.81
3384
2 17 7 41 508.79
2805
3 16 28 48 94.87
523
4 22 25 48 950.29
5239
5 12 2 36 816.97
4504
6 44 2 46 70.74
390
7 36 0 48 308.36
1700
8 26 9 45 315.61
1740
9 14 27 47 34.46
190
10 1 24 48 460.18
2537
11 3 7 48 252.67
1393
12 23 1 31 73.64
406
13 1 12 47 80.35
443
14 29 8 44 453.65
2501
15 7 0 8 222.92
1229
16 2 34 47 398.69
2198
17 30 5 48 307.09
1693
18 4 4 41 338.83
1868
19 12 3 36 34.28
189
