30
1
5
0 170 0.1 0.1
5547
1 190 0.1 0.0
5562
2 150 0.1 0.1
5676
3 190 0.1 0.0
5565
4 150 0.1 0.1
5604
20
0 22 8 41 469.20
2623
1 12 32 48 175.12
979
2 28 1 44 8.41
47
3 6 26 48 12.88
72
4 6 21 48 489.23
2735
5 10 30 48 445.58
2491
6 20 2 47 61.53
344
7 5 23 48 522.86
2923
8 7 2 48 260.09
1454
9 7 29 47 116.09
649
10 16 16 44 258.48
1445
11 14 8 42 406.41
2272
12 13 7 47 67.79
379
13 17 3 47 76.38
427
14 13 7 45 300.16
1678
15 5 22 47 349.71
1955
16 28 0 48 643.96
3600
17 15 7 43 417.14
2332
18 5 12 48 409.81
2291
19 35 5 48 566.15
3165
