30
1
5
0 190 0.1 0.0
5544
1 190 0.1 0.0
5381
2 190 0.1 0.0
5462
3 150 0.1 0.1
5535
4 130 0.0 0.1
5429
20
0 38 6 47 539.72
2952
1 15 2 28 490.36
2682
2 13 6 30 133.83
732
3 24 14 48 831.89
4550
4 21 18 47 176.25
964
5 22 4 47 514.12
2812
6 14 0 47 93.79
513
7 4 0 23 248.29
1358
8 3 1 20 85.20
466
9 12 35 47 594.39
3251
10 23 23 48 434.59
2377
11 12 5 44 210.44
1151
12 9 11 32 8.41
46
13 18 6 47 237.86
1301
14 21 3 48 16.64
91
15 15 19 48 268.22
1467
16 15 1 31 497.67
2722
17 4 0 38 641.74
3510
18 16 5 34 784.53
4291
19 4 0 46 435.69
2383
