30
1
5
0 120 0.1 0.1
5470
1 130 0.0 0.1
5486
2 120 0.1 0.1
5547
3 170 0.1 0.1
5465
4 170 0.1 0.1
5431
20
0 15 18 47 148.19
812
1 23 6 48 952.64
5220
2 10 0 28 2.92
16
3 3 0 9 474.13
2598
4 21 1 33 211.70
1160
5 14 11 47 669.40
3668
6 20 1 28 462.08
2532
7 14 24 47 322.66
1768
8 8 39 47 213.70
1171
9 9 0 11 793.50
4348
10 22 1 41 445.84
2443
11 6 0 48 536.91
2942
12 20 23 48 344.55
1888
13 19 3 38 158.59
869
14 11 5 29 273.20
1497
15 4 0 47 11.68
64
16 16 19 47 932.01
5107
17 15 6 47 2.74
15
18 14 11 47 12.77
70
19 21 10 40 175.20
960
