30
1
5
0 190 0.1 0.0
5468
1 170 0.1 0.1
5596
2 130 0.0 0.1
5555
3 120 0.1 0.1
5598
4 130 0.0 0.1
5500
20
0 15 25 48 321.49
1782
1 32 2 44 180.77
1002
2 22 4 48 390.05
2162
3 7 7 33 763.68
4233
4 10 35 48 273.86
1518
5 15 14 48 150.64
835
6 20 12 48 123.40
684
7 17 0 42 223.89
1241
8 23 12 47 369.66
2049
9 19 5 41 782.98
4340
10 33 7 47 327.45
1815
11 25 1 48 89.30
495
12 6 4 36 408.81
2266
13 14 3 48 84.61
469
14 11 3 31 209.82
1163
15 19 24 47 461.13
2556
16 7 1 48 389.15
2157
17 9 22 48 620.79
3441
18 7 26 47 366.96
2034
19 9 0 47 313.19
1736
