30
1
5
0 150 0.1 0.1
5425
1 170 0.1 0.1
5397
2 170 0.1 0.1
5659
3 190 0.1 0.0
5471
4 120 0.1 0.1
5534
20
0 7 40 48 70.42
387
1 18 4 48 487.11
2677
2 5 22 48 226.54
1245
3 30 1 37 322.07
1770
4 11 0 39 523.32
2876
5 5 5 48 329.35
1810
6 8 1 44 57.50
316
7 22 0 47 67.87
373
8 15 6 48 176.69
971
9 14 9 48 61.14
336
10 6 4 35 714.38
3926
11 17 16 39 490.75
2697
12 7 2 40 211.80
1164
13 8 32 48 353.19
1941
14 11 19 48 432.16
2375
15 14 13 48 609.94
3352
16 13 18 36 635.41
3492
17 15 16 47 145.93
802
18 31 1 32 205.44
1129
19 12 27 48 887.43
4877
