30
1
10
0 150 0.1 0.1
5629
1 190 0.1 0.0
5424
2 170 0.1 0.1
5567
3 120 0.1 0.1
5457
4 130 0.0 0.1
5467
5 130 0.0 0.1
5547
6 170 0.1 0.1
5558
7 170 0.1 0.1
5368
8 150 0.1 0.1
5440
9 150 0.1 0.1
5377
50
0 15 3 38 235.67
1292
1 8 13 47 121.85
668
2 3 15 48 384.34
2107
3 4 25 47 582.44
3193
4 11 2 30 53.45
293
5 6 2 28 45.78
251
6 6 2 27 410.06
2248
7 6 0 20 145.38
797
8 18 18 39 181.86
997
9 1 10 25 206.49
1132
10 8 8 25 28.46
156
11 2 11 48 172.92
948
12 2 43 47 240.05
1316
13 28 5 43 31.01
170
14 20 16 48 244.61
1341
15 40 1 45 316.12
1733
16 5 1 34 569.30
3121
17 4 0 16 570.40
3127
18 4 30 48 385.07
2111
19 28 0 48 323.41
1773
20 2 5 45 413.71
2268
21 27 9 37 317.21
1739
22 5 15 43 342.93
1880
23 1 38 48 86.28
473
24 6 15 47 352.60
1933
25 36 5 46 192.63
1056
26 4 0 31 221.45
1214
27 7 10 47 373.58
2048
28 30 0 37 356.98
1957
29 2 2 48 501.26
2748
30 5 9 37 130.42
715
31 27 20 47 14.23
78
32 10 0 42 524.06
2873
33 20 0 48 389.99
2138
34 6 1 32 21.71
119
35 3 41 47 298.79
1638
36 2 0 2 637.52
3495
37 2 0 25 132.25
725
38 33 6 47 377.95
2072
39 21 11 48 65.49
359
40 25 1 43 530.27
2907
41 11 31 48 157.06
861
42 4 18 47 653.39
3582
43 26 3 48 262.67
1440
44 2 32 48 22.80
125
45 10 36 47 410.61
2251
46 28 0 46 89.75
492
47 10 12 48 126.78
695
48 1 29 48 482.84
2647
49 5 26 48 424.10
2325
