30
1
10
0 130 0.0 0.1
5611
1 130 0.0 0.1
5350
2 190 0.1 0.0
5493
3 130 0.0 0.1
5482
4 130 0.0 0.1
5394
5 130 0.0 0.1
5593
6 150 0.1 0.1
5477
7 130 0.0 0.1
5438
8 170 0.1 0.1
5490
9 170 0.1 0.1
5370
50
0 19 2 35 129.83
710
1 14 0 39 598.33
3272
2 34 11 47 159.09
870
3 1 1 42 185.06
1012
4 17 10 46 127.09
695
5 3 19 26 159.46
872
6 13 21 48 111.91
612
7 22 8 38 27.61
151
8 2 6 47 412.36
2255
9 20 15 48 336.10
1838
10 5 37 47 17.01
93
11 15 19 47 140.26
767
12 3 25 47 247.96
1356
13 6 2 19 673.48
3683
14 17 13 48 200.60
1097
15 14 0 22 51.57
282
16 13 2 42 145.56
796
17 33 1 48 4.02
22
18 1 19 43 209.93
1148
19 2 2 24 283.80
1552
20 1 15 48 610.40
3338
21 14 2 35 313.06
1712
22 7 3 47 344.33
1883
23 7 16 48 129.10
706
24 2 37 45 14.63
80
25 14 1 47 35.66
195
26 5 35 48 627.77
3433
27 10 8 40 459.35
2512
28 3 35 46 121.79
666
29 8 6 44 145.74
797
30 3 9 47 499.03
2729
31 19 3 48 563.04
3079
32 21 9 47 312.51
1709
33 38 6 45 85.58
468
34 23 10 47 238.09
1302
35 8 1 18 187.98
1028
36 1 1 44 58.15
318
37 7 12 34 698.72
3821
38 27 1 34 147.20
805
39 13 21 48 808.62
4422
40 43 1 47 36.21
198
41 1 0 21 258.75
1415
42 30 4 47 412.36
2255
43 13 2 35 352.93
1930
44 3 2 15 126.18
690
45 18 8 42 668.00
3653
46 5 14 46 417.66
2284
47 14 0 45 67.48
369
48 27 11 47 93.26
510
49 1 26 47 3.47
19
