30
1
10
0 120 0.1 0.1
5403
1 130 0.0 0.1
5647
2 130 0.0 0.1
5615
3 130 0.0 0.1
5611
4 130 0.0 0.1
5523
5 170 0.1 0.1
5461
6 120 0.1 0.1
5473
7 170 0.1 0.1
5324
8 150 0.1 0.1
5420
9 120 0.1 0.1
5555
50
0 27 2 48 76.71
422
1 8 3 30 88.70
488
2 9 19 48 299.38
1647
3 3 25 47 12.91
71
4 17 21 48 460.43
2533
5 4 42 48 157.60
867
6 2 40 48 145.42
800
7 12 17 32 476.43
2621
8 11 10 48 15.09
83
9 29 0 40 127.06
699
10 22 5 48 308.83
1699
11 10 2 35 391.54
2154
12 9 6 23 506.60
2787
13 2 0 26 244.12
1343
14 2 30 47 578.58
3183
15 32 8 47 127.24
700
16 25 10 45 34.17
188
17 20 18 47 454.79
2502
18 5 4 47 37.45
206
19 13 34 47 235.58
1296
20 9 0 18 349.55
1923
21 8 3 41 70.53
388
22 31 5 48 94.70
521
23 17 6 47 49.62
273
24 10 0 38 477.33
2626
25 3 9 37 263.21
1448
26 7 5 23 376.09
2069
27 11 0 40 43.26
238
28 3 0 12 557.13
3065
29 2 9 15 191.59
1054
30 11 1 35 47.08
259
31 22 20 45 86.52
476
32 25 10 48 416.62
2292
33 11 17 39 42.17
232
34 3 1 19 482.79
2656
35 10 32 47 662.38
3644
36 30 4 48 501.51
2759
37 2 0 40 266.30
1465
38 4 28 47 487.51
2682
39 27 4 39 208.49
1147
40 26 4 40 133.06
732
41 2 0 40 116.15
639
42 6 1 43 12.00
66
43 35 9 47 160.51
883
44 18 12 37 30.36
167
45 6 8 25 779.08
4286
46 4 33 47 456.79
2513
47 3 0 11 137.42
756
48 17 5 46 285.56
1571
49 27 2 48 275.57
1516
