30
1
10
0 170 0.1 0.1
5398
1 190 0.1 0.0
5435
2 130 0.0 0.1
5638
3 120 0.1 0.1
5551
4 150 0.1 0.1
5614
5 170 0.1 0.1
5491
6 130 0.0 0.1
5413
7 170 0.1 0.1
5219
8 120 0.1 0.1
5487
9 170 0.1 0.1
5635
50
0 4 7 30 37.01
203
1 22 0 39 186.68
1024
2 7 5 48 507.72
2785
3 8 36 47 297.34
1631
4 36 0 39 471.44
2586
5 7 3 44 485.48
2663
6 3 37 47 534.52
2932
7 20 26 48 189.60
1040
8 3 42 48 305.00
1673
9 21 4 42 265.07
1454
10 3 34 48 397.97
2183
11 11 23 48 167.72
920
12 1 36 46 271.45
1489
13 4 12 48 525.41
2882
14 5 0 22 297.16
1630
15 19 12 44 302.26
1658
16 16 11 42 351.49
1928
17 11 16 44 210.56
1155
18 24 14 41 315.94
1733
19 4 0 11 167.72
920
20 16 0 33 597.42
3277
21 14 9 34 96.08
527
22 10 2 24 705.34
3869
23 15 18 37 217.49
1193
24 7 2 48 233.90
1283
25 28 1 34 222.60
1221
26 10 23 48 127.61
700
27 1 18 39 377.92
2073
28 27 7 40 14.58
80
29 18 1 46 157.33
863
30 28 0 48 164.80
904
31 5 0 33 88.24
484
32 17 4 44 339.64
1863
33 4 2 47 444.28
2437
34 24 18 46 429.33
2355
35 9 7 47 466.70
2560
36 2 12 47 249.40
1368
37 17 6 47 285.86
1568
38 6 5 27 115.40
633
39 8 29 45 380.66
2088
40 11 20 48 349.85
1919
41 4 36 47 452.30
2481
42 5 31 47 204.91
1124
43 10 7 37 660.13
3621
44 10 24 43 169.18
928
45 1 1 11 278.93
1530
46 10 0 34 461.42
2531
47 7 18 48 20.42
112
48 31 0 45 188.87
1036
49 8 1 21 520.12
2853
