30
1
10
0 190 0.1 0.0
5648
1 150 0.1 0.1
5455
2 170 0.1 0.1
5438
3 150 0.1 0.1
5559
4 190 0.1 0.0
5579
5 150 0.1 0.1
5333
6 190 0.1 0.0
5537
7 170 0.1 0.1
5459
8 190 0.1 0.0
5518
9 190 0.1 0.0
5464
50
0 21 1 42 195.90
1077
1 5 17 42 3.46
19
2 1 0 28 135.69
746
3 1 0 8 655.00
3601
4 10 10 48 511.48
2812
5 5 26 47 4.73
26
6 10 24 41 606.07
3332
7 12 4 48 31.65
174
8 4 31 48 613.71
3374
9 6 12 39 156.43
860
10 13 8 47 185.17
1018
11 2 37 48 206.81
1137
12 4 1 12 788.87
4337
13 21 12 48 215.91
1187
14 14 13 47 462.19
2541
15 12 4 46 325.95
1792
16 23 6 34 530.04
2914
17 19 17 48 325.04
1787
18 5 2 13 287.94
1583
19 6 24 48 145.88
802
20 26 2 40 321.59
1768
21 8 5 48 33.65
185
22 6 6 41 478.02
2628
23 13 32 48 212.45
1168
24 7 3 34 467.28
2569
25 15 7 46 297.58
1636
26 5 2 41 50.38
277
27 12 12 48 370.34
2036
28 38 7 47 43.11
237
29 18 2 47 262.84
1445
30 12 1 26 414.72
2280
31 35 2 48 424.90
2336
32 16 31 47 32.38
178
33 10 3 35 107.32
590
34 18 3 38 207.18
1139
35 20 12 48 244.83
1346
36 12 6 42 27.83
153
37 11 13 47 47.29
260
38 18 17 47 48.38
266
39 4 0 15 35.83
197
40 4 18 47 262.11
1441
41 5 23 48 391.62
2153
42 5 3 47 72.21
397
43 2 1 48 349.60
1922
44 15 10 40 124.05
682
45 16 0 37 656.82
3611
46 4 0 47 81.31
447
47 20 0 47 800.70
4402
48 20 2 48 42.93
236
49 24 20 47 493.84
2715
