30
1
10
0 150 0.1 0.1
5559
1 150 0.1 0.1
5557
2 130 0.0 0.1
5494
3 150 0.1 0.1
5448
4 150 0.1 0.1
5420
5 130 0.0 0.1
5570
6 130 0.0 0.1
5439
7 120 0.1 0.1
5452
8 120 0.1 0.1
5529
9 190 0.1 0.0
5412
50
0 5 2 44 77.63
426
1 11 12 48 135.04
741
2 11 18 40 164.56
903
3 11 0 38 171.48
941
4 29 1 42 140.50
771
5 38 3 47 229.62
1260
6 2 0 13 349.71
1919
7 4 4 48 291.94
1602
8 18 3 34 392.72
2155
9 13 4 45 164.56
903
10 6 0 13 567.85
3116
11 2 0 32 123.92
680
12 12 24 47 210.85
1157
13 32 8 47 449.03
2464
14 10 4 24 3.83
21
15 20 14 43 233.44
1281
16 30 16 48 803.12
4407
17 4 0 47 12.03
66
18 23 8 48 253.31
1390
19 7 3 41 294.49
1616
20 3 4 29 49.57
272
21 9 0 39 489.67
2687
22 6 2 42 345.70
1897
23 2 0 21 7.29
40
24 24 20 47 40.64
223
25 2 0 13 390.53
2143
26 19 17 47 4.92
27
27 29 10 42 169.66
931
28 5 21 47 295.04
1619
29 3 17 48 193.90
1064
30 4 1 11 418.23
2295
31 3 4 31 9.11
50
32 3 4 16 801.48
4398
33 7 4 27 497.50
2730
34 6 2 38 156.18
857
35 16 13 48 798.92
4384
36 4 2 20 342.97
1882
37 32 10 47 8.20
45
38 5 1 47 215.59
1183
39 17 13 47 88.02
483
40 35 8 47 94.40
518
41 5 0 16 73.26
402
42 7 5 48 324.20
1779
43 18 8 48 456.32
2504
44 29 18 48 10.02
55
45 12 21 48 662.06
3633
46 13 2 32 458.51
2516
47 2 0 8 346.07
1899
48 14 9 41 177.32
973
49 21 12 46 209.94
1152
