30
1
10
0 150 0.1 0.1
5534
1 170 0.1 0.1
5523
2 170 0.1 0.1
5477
3 130 0.0 0.1
5431
4 120 0.1 0.1
5275
5 170 0.1 0.1
5445
6 190 0.1 0.0
5503
7 130 0.0 0.1
5670
8 130 0.0 0.1
5391
9 120 0.1 0.1
5568
50
0 5 10 46 444.91
2438
1 25 1 43 15.69
86
2 10 5 37 53.10
291
3 7 20 41 229.93
1260
4 21 2 33 107.49
589
5 4 1 39 39.78
218
6 2 45 48 160.41
879
7 21 0 46 251.65
1379
8 38 1 46 592.36
3246
9 36 8 48 213.15
1168
10 35 11 48 375.38
2057
11 2 40 48 77.19
423
12 36 0 45 69.35
380
13 10 4 43 158.76
870
14 30 7 48 590.35
3235
15 3 3 43 136.14
746
16 14 24 47 213.51
1170
17 11 8 36 292.16
1601
18 3 33 47 601.48
3296
19 4 2 42 658.78
3610
20 1 32 48 131.39
720
21 28 6 47 222.09
1217
22 7 28 45 96.54
529
23 19 9 41 43.43
238
24 4 8 44 204.02
1118
25 10 30 47 210.23
1152
26 4 2 21 399.28
2188
27 7 22 48 202.20
1108
28 6 0 30 375.19
2056
29 1 6 48 563.52
3088
30 7 4 32 35.40
194
31 17 9 41 271.91
1490
32 2 0 2 657.32
3602
33 16 0 37 504.58
2765
34 6 26 48 624.66
3423
35 17 0 34 153.84
843
36 23 0 45 96.35
528
37 7 0 21 103.84
569
38 12 2 48 452.93
2482
39 21 26 48 245.26
1344
40 19 9 37 158.95
871
41 3 0 42 70.44
386
42 35 5 47 165.15
905
43 2 26 42 20.99
115
44 8 4 30 164.24
900
45 35 1 47 276.47
1515
46 5 11 45 211.87
1161
47 12 2 47 77.92
427
48 17 19 46 69.35
380
49 15 27 48 198.73
1089
