30
1
10
0 120 0.1 0.1
5560
1 150 0.1 0.1
5542
2 120 0.1 0.1
5408
3 150 0.1 0.1
5455
4 150 0.1 0.1
5626
5 130 0.0 0.1
5581
6 190 0.1 0.0
5444
7 190 0.1 0.0
5368
8 170 0.1 0.1
5391
9 120 0.1 0.1
5524
50
0 9 16 43 359.11
1971
1 11 27 48 153.23
841
2 32 0 44 20.04
110
3 2 1 40 171.08
939
4 8 8 40 312.10
1713
5 21 17 47 75.25
413
6 15 2 35 352.91
1937
7 14 0 27 718.76
3945
8 11 1 47 346.17
1900
9 4 0 31 162.15
890
10 3 14 48 565.53
3104
11 6 10 47 813.14
4463
12 2 18 47 75.25
413
13 12 12 29 137.56
755
14 12 0 47 139.20
764
15 18 16 42 260.54
1430
16 4 16 43 412.67
2265
17 6 33 48 485.55
2665
18 11 26 48 508.69
2792
19 6 36 48 718.03
3941
20 19 11 48 375.69
2062
21 19 7 28 184.02
1010
22 12 7 37 390.08
2141
23 11 12 29 282.58
1551
24 3 0 39 545.86
2996
25 4 1 42 132.27
726
26 9 4 29 202.42
1111
27 21 1 33 86.00
472
28 7 9 48 339.43
1863
29 13 9 25 313.74
1722
30 17 19 48 338.88
1860
31 6 12 28 87.64
481
32 23 1 48 101.12
555
33 9 1 15 46.28
254
34 9 19 34 175.27
962
35 3 24 48 126.81
696
36 16 5 28 64.13
352
37 6 0 47 57.21
314
38 16 24 43 110.05
604
39 19 2 47 173.09
950
40 6 1 22 135.37
743
41 5 3 48 204.97
1125
42 10 0 37 479.54
2632
43 32 9 48 67.78
372
44 22 6 42 562.44
3087
45 32 7 44 137.92
757
46 25 0 25 397.91
2184
47 13 9 47 100.94
554
48 31 2 47 385.71
2117
49 8 30 48 34.25
188
