30
1
10
0 170 0.1 0.1
5524
1 190 0.1 0.0
5569
2 150 0.1 0.1
5694
3 190 0.1 0.0
5554
4 150 0.1 0.1
5570
5 170 0.1 0.1
5370
6 150 0.1 0.1
5231
7 170 0.1 0.1
5335
8 150 0.1 0.1
5398
9 170 0.1 0.1
5280
50
0 10 23 48 356.78
1944
1 21 1 32 482.68
2630
2 12 24 48 197.11
1074
3 15 0 29 33.59
183
4 8 0 48 583.07
3177
5 9 7 26 219.32
1195
6 10 4 18 224.64
1224
7 25 7 48 446.89
2435
8 3 20 47 264.83
1443
9 9 1 47 229.96
1253
10 22 5 48 380.09
2071
11 6 31 47 276.39
1506
12 7 11 33 264.83
1443
13 10 29 48 460.65
2510
14 8 5 33 232.90
1269
15 19 14 47 131.96
719
16 5 3 47 55.79
304
17 1 1 43 254.00
1384
18 30 5 43 839.09
4572
19 8 20 47 682.36
3718
20 5 17 47 143.52
782
21 16 3 30 812.48
4427
22 12 1 47 40.19
219
23 25 0 48 35.97
196
24 14 0 47 95.25
519
25 2 2 43 86.07
469
26 16 0 45 34.69
189
27 9 2 48 415.69
2265
28 2 0 38 712.82
3884
29 26 2 48 12.85
70
30 29 4 39 300.80
1639
31 24 3 39 248.31
1353
32 1 22 48 65.15
355
33 32 5 44 4.22
23
34 27 13 47 91.21
497
35 3 0 42 224.09
1221
36 5 37 48 414.22
2257
37 14 24 48 696.49
3795
38 5 6 33 59.28
323
39 15 19 47 436.80
2380
40 18 1 47 104.06
567
41 19 14 47 113.42
618
42 32 7 48 69.74
380
43 11 15 47 193.62
1055
44 8 0 32 133.42
727
45 5 7 47 231.43
1261
46 2 12 40 531.50
2896
47 3 0 36 711.90
3879
48 20 4 47 38.91
212
49 16 1 32 40.74
222
