30
1
10
0 190 0.1 0.0
5477
1 170 0.1 0.1
5588
2 130 0.0 0.1
5515
3 120 0.1 0.1
5649
4 130 0.0 0.1
5455
5 130 0.0 0.1
5564
6 170 0.1 0.1
5578
7 120 0.1 0.1
5410
8 130 0.0 0.1
5552
9 130 0.0 0.1
5261
50
0 13 9 44 7.63
42
1 7 1 24 750.34
4129
2 12 2 38 319.83
1760
3 11 8 23 95.77
527
4 9 2 36 165.91
913
5 15 2 20 262.77
1446
6 14 11 48 80.87
445
7 8 2 47 190.99
1051
8 33 3 41 286.76
1578
9 1 0 40 378.17
2081
10 8 22 47 828.30
4558
11 1 7 37 13.27
73
12 18 2 42 127.21
700
13 2 7 31 189.17
1041
14 1 0 4 69.78
384
15 8 15 44 14.72
81
16 9 13 48 707.09
3891
17 14 22 44 151.38
833
18 29 0 45 213.16
1173
19 4 20 48 184.63
1016
20 7 2 46 482.30
2654
21 22 7 36 579.70
3190
22 13 14 47 278.76
1534
23 9 24 42 84.68
466
24 27 5 46 103.22
568
25 5 13 42 453.95
2498
26 4 16 47 334.01
1838
27 35 1 43 107.04
589
28 2 37 47 540.99
2977
29 7 23 48 161.19
887
30 4 11 47 13.27
73
31 11 4 32 109.22
601
32 16 6 42 638.76
3515
33 6 23 35 265.32
1460
34 33 4 44 40.16
221
35 4 31 48 274.58
1511
36 8 0 48 313.47
1725
37 3 17 47 150.10
826
38 12 0 47 220.98
1216
39 11 10 28 393.80
2167
40 7 2 13 152.83
841
41 7 9 47 82.87
456
42 21 17 48 6.72
37
43 22 4 45 284.22
1564
44 16 28 48 405.97
2234
45 10 2 36 119.57
658
46 8 0 46 313.47
1725
47 3 5 48 17.63
97
48 11 35 48 257.50
1417
49 4 12 47 153.38
844
