30
1
10
0 120 0.1 0.1
5423
1 170 0.1 0.1
5593
2 170 0.1 0.1
5509
3 190 0.1 0.0
5375
4 150 0.1 0.1
5489
5 120 0.1 0.1
5468
6 150 0.1 0.1
5517
7 120 0.1 0.1
5460
8 170 0.1 0.1
5591
9 150 0.1 0.1
5551
50
0 1 27 48 525.76
2890
1 11 1 20 130.99
720
2 10 18 39 343.84
1890
3 35 1 42 310.54
1707
4 3 31 48 41.66
229
5 13 5 34 171.74
944
6 19 4 48 432.07
2375
7 5 5 18 309.63
1702
8 10 11 24 303.45
1668
9 8 19 47 378.77
2082
10 1 0 4 161.55
888
11 29 0 44 156.09
858
12 7 16 45 90.05
495
13 18 26 47 68.04
374
14 9 14 44 292.90
1610
15 9 24 47 160.64
883
16 7 7 29 228.50
1256
17 5 0 21 36.93
203
18 5 0 48 127.71
702
19 9 3 45 89.69
493
20 4 14 40 170.83
939
21 36 1 47 454.81
2500
22 8 39 48 183.20
1007
23 11 15 39 159.55
877
24 30 8 46 602.53
3312
25 14 31 47 55.30
304
26 5 19 48 344.93
1896
27 19 2 47 482.28
2651
28 5 39 47 128.80
708
29 16 23 48 119.34
656
30 1 30 48 52.76
290
31 16 7 44 264.88
1456
32 14 30 47 503.20
2766
33 12 6 40 28.02
154
34 8 37 48 449.35
2470
35 22 1 37 253.78
1395
36 18 4 48 511.75
2813
37 6 10 47 323.46
1778
38 9 30 47 414.79
2280
39 15 22 45 400.05
2199
40 6 1 41 389.32
2140
41 12 13 45 107.70
592
42 7 0 47 411.15
2260
43 11 15 34 124.25
683
44 8 0 22 223.04
1226
45 5 6 26 540.31
2970
46 3 33 48 90.23
496
47 17 13 47 126.07
693
48 8 6 46 66.95
368
49 22 21 48 53.12
292
