30
1
10
0 190 0.1 0.0
5441
1 150 0.1 0.1
5478
2 150 0.1 0.1
5524
3 190 0.1 0.0
5521
4 150 0.1 0.1
5584
5 150 0.1 0.1
5400
6 170 0.1 0.1
5673
7 120 0.1 0.1
5723
8 190 0.1 0.0
5600
9 120 0.1 0.1
5535
50
0 4 30 47 451.83
2506
1 17 22 48 314.62
1745
2 3 0 7 314.81
1746
3 26 1 48 102.05
566
4 2 35 47 346.36
1921
5 3 0 48 204.82
1136
6 16 0 21 249.54
1384
7 1 21 39 823.79
4569
8 7 0 46 76.63
425
9 18 13 39 389.63
2161
10 37 3 48 75.19
417
11 6 28 48 486.09
2696
12 7 7 39 565.78
3138
13 25 4 39 33.18
184
14 23 2 48 336.44
1866
15 5 5 19 32.27
179
16 35 6 42 310.84
1724
17 22 1 47 318.23
1765
18 10 12 48 221.05
1226
19 19 4 43 359.52
1994
20 9 1 41 477.44
2648
21 2 39 48 564.88
3133
22 26 3 44 102.41
568
23 12 2 25 183.73
1019
24 28 0 48 208.43
1156
25 2 16 47 506.10
2807
26 2 28 47 286.14
1587
27 21 18 47 152.53
846
28 4 36 48 306.87
1702
29 24 0 48 453.10
2513
30 41 0 46 209.15
1160
31 15 2 29 197.61
1096
32 10 15 44 41.11
228
33 36 1 45 455.26
2525
34 20 1 41 344.55
1911
35 3 10 31 505.20
2802
36 6 11 48 346.54
1922
37 1 0 10 33.18
184
38 2 21 47 175.07
971
39 17 18 48 39.85
221
40 2 10 47 112.69
625
41 3 34 48 277.66
1540
42 15 16 47 307.41
1705
43 16 8 43 153.62
852
44 2 1 46 408.92
2268
45 12 6 47 236.37
1311
46 21 12 48 495.65
2749
47 34 8 48 36.96
205
48 2 2 48 164.07
910
49 16 6 47 522.33
2897
