30
1
10
0 130 0.0 0.1
5549
1 170 0.1 0.1
5461
2 170 0.1 0.1
5631
3 150 0.1 0.1
5543
4 150 0.1 0.1
5628
5 120 0.1 0.1
5478
6 120 0.1 0.1
5484
7 190 0.1 0.0
5457
8 170 0.1 0.1
5407
9 170 0.1 0.1
5636
50
0 19 1 36 63.33
350
1 8 30 48 32.21
178
2 14 12 34 463.96
2564
3 1 2 24 220.40
1218
4 22 20 48 209.18
1156
5 3 4 48 59.17
327
6 33 3 47 70.57
390
7 4 1 6 487.67
2695
8 1 2 20 46.87
259
9 17 1 46 249.90
1381
10 8 24 46 159.96
884
11 10 2 37 18.82
104
12 5 29 48 451.12
2493
13 10 19 48 382.35
2113
14 1 40 47 40.71
225
15 22 7 47 86.68
479
16 17 13 47 345.98
1912
17 3 0 34 73.47
406
18 17 7 30 783.53
4330
19 2 35 47 268.35
1483
20 8 1 48 457.81
2530
21 7 4 47 356.12
1968
22 2 0 15 316.67
1750
23 2 11 41 68.40
378
24 20 2 41 39.27
217
25 5 2 15 179.51
992
26 14 8 47 578.33
3196
27 13 29 48 77.63
429
28 3 0 29 645.10
3565
29 4 24 48 18.28
101
30 15 26 48 267.63
1479
31 24 12 48 383.08
2117
32 15 9 37 94.10
520
33 17 3 47 391.58
2164
34 2 32 48 546.84
3022
35 8 3 40 316.85
1751
36 37 0 47 155.98
862
37 18 17 47 193.44
1069
38 13 31 48 271.79
1502
39 5 8 45 225.11
1244
40 30 0 38 899.16
4969
41 2 0 10 405.70
2242
42 8 38 48 257.32
1422
43 14 10 35 152.72
844
44 8 6 34 193.80
1071
45 16 19 42 752.04
4156
46 5 3 37 699.20
3864
47 28 0 35 16.29
90
48 3 10 44 48.13
266
49 17 6 47 710.06
3924
