30
1
10
0 170 0.1 0.1
5360
1 170 0.1 0.1
5453
2 170 0.1 0.1
5560
3 190 0.1 0.0
5627
4 170 0.1 0.1
5503
5 190 0.1 0.0
5596
6 150 0.1 0.1
5432
7 130 0.0 0.1
5521
8 190 0.1 0.0
5558
9 170 0.1 0.1
5576
50
0 7 6 39 115.81
639
1 9 1 35 132.13
729
2 13 4 39 26.46
146
3 6 8 28 335.48
1851
4 31 12 46 64.16
354
5 12 4 41 601.91
3321
6 12 13 41 114.55
632
7 11 4 48 19.94
110
8 7 3 42 5.98
33
9 9 37 48 93.88
518
10 5 33 48 841.15
4641
11 10 12 42 170.91
943
12 3 41 48 252.11
1391
13 20 19 48 371.37
2049
14 10 7 46 70.87
391
15 19 4 48 231.27
1276
16 11 1 48 43.86
242
17 1 34 48 804.17
4437
18 30 3 48 729.14
4023
19 6 4 48 28.27
156
20 10 32 47 107.30
592
21 7 15 32 201.18
1110
22 18 21 47 107.30
592
23 22 22 48 50.39
278
24 22 0 41 193.02
1065
25 33 0 39 684.37
3776
26 17 12 44 7.43
41
27 24 3 46 766.47
4229
28 16 9 46 306.30
1690
29 5 13 48 404.90
2234
30 6 8 14 58.90
325
31 23 9 44 79.75
440
32 20 6 38 349.25
1927
33 8 4 24 65.61
362
34 18 11 44 110.20
608
35 1 0 13 53.10
293
36 6 5 44 577.08
3184
37 12 2 41 41.87
231
38 20 26 47 186.14
1027
39 12 1 23 63.98
353
40 7 1 32 521.25
2876
41 9 4 40 575.81
3177
42 1 0 4 286.00
1578
43 11 6 30 42.59
235
44 33 8 48 442.77
2443
45 1 0 24 745.45
4113
46 27 16 48 802.54
4428
47 22 1 26 647.40
3572
48 6 6 34 44.22
244
49 8 19 43 412.14
2274
